0.6120000000000001
0.508
0.512
0.504
0.45999999999999996
0.532
0.56
0.3959999999999999
0.54
0.5039999999999996
0.5
0.5
0.492
0.49600000000000044
0.5600000000000005
0.5
0.3999999999999986
0.5440000000000005
0.5679999999999996
0.5
0.4320000000000004
0.5600000000000005
0.4320000000000004
0.5
0.5679999999999996
0.5039999999999996
0.43599999999999994
0.5039999999999996
0.49600000000000044
0.5
0.49599999999999866
0.5
0.5
0.5040000000000013
0.5040000000000013
0.5
0.5640000000000001
0.49599999999999866
0.4280000000000008
0.5
0.5
0.5
0.5039999999999978
0.5040000000000013
0.5
0.49599999999999866
0.5640000000000001
0.43200000000000216
0.5
0.5679999999999978
0.43599999999999994
0.5
0.5
0.5
0.5640000000000001
0.43200000000000216
0.5
0.5039999999999978
0.5680000000000014
0.43599999999999994
0.5
0.5
0.5
0.4960000000000022
0.4959999999999951
0.5640000000000001
0.43200000000000216
0.5
0.5
0.5679999999999978
0.43599999999999994
0.5
0.5640000000000001
0.43599999999999994
0.5
0.5720000000000027
0.4399999999999977
0.5040000000000049
0.5
0.4959999999999951
0.49200000000000443
0.49199999999999733
0.4960000000000022
0.5
0.5679999999999978
0.43599999999999994
0.4960000000000022
0.4959999999999951
0.5640000000000001
0.5
0.44000000000000483
0.5079999999999956
0.5120000000000005
0.5040000000000049
0.5
0.4959999999999951
0.4960000000000022
0.4960000000000022
0.5
0.5
0.5
0.4959999999999951
0.5560000000000045
0.4239999999999995
0.4960000000000022
0.5
0.5039999999999978
0.5760000000000005
0.4399999999999977
0.5039999999999978
0.5
0.5
0.568000000000005
0.4399999999999977
0.5080000000000027
0.5039999999999978
0.4960000000000022
0.49199999999999733
0.5559999999999974
0.4239999999999995
0.4960000000000022
0.5
0.5039999999999978
0.5
0.5
0.4960000000000022
0.49199999999999733