0.19599999999999995
1.016
1.02
0.9879999999999995
0.9800000000000004
1.008
1.008
0.9879999999999995
0.9880000000000013
1.0159999999999982
1.016
0.9880000000000013
0.984
1.0079999999999991
1.0039999999999996
0.9920000000000009
0.9959999999999987
1.0199999999999996
1.0120000000000005
0.9879999999999995
0.9880000000000031
1.0
0.9959999999999987
0.9840000000000018
0.9959999999999987
1.024000000000001
1.0199999999999996
0.9959999999999987
0.9959999999999987
1.0040000000000013
1.0
0.9720000000000013
0.9839999999999982
1.0159999999999982
1.0160000000000053
0.9919999999999973
0.9960000000000022
1.024000000000001
1.0079999999999956
0.9759999999999991
0.980000000000004
1.0159999999999982
1.0120000000000005
0.9840000000000018
0.9879999999999995
1.019999999999996
1.0040000000000049
0.9839999999999947
0.9960000000000022
1.0159999999999982
1.0160000000000053
0.9919999999999973
0.9919999999999973
1.0040000000000049
0.9959999999999951
0.980000000000004
0.9879999999999995
1.0079999999999956
1.0160000000000053
1.0039999999999978
1.0080000000000027
1.0159999999999982
1.0039999999999978
0.9840000000000018
0.9759999999999991
0.9959999999999951
1.0
0.9920000000000044
0.9959999999999951
1.024000000000001
1.0200000000000102
0.9959999999999951
0.9920000000000044
1.0079999999999956
0.9959999999999951
0.980000000000004
0.9879999999999995
1.0120000000000005
1.0
0.9920000000000044
1.0120000000000005
1.019999999999996
0.9959999999999951
0.9879999999999995
1.0040000000000049
1.0079999999999956
0.9759999999999991
0.9840000000000089
1.0159999999999911
1.0200000000000102
0.9879999999999995
0.9959999999999951
1.0319999999999965
1.0040000000000049
0.9599999999999937
0.9720000000000084
1.0159999999999911
1.0120000000000005
0.9759999999999991
1.0080000000000098
1.0559999999999974
1.019999999999996
0.960000000000008
0.9759999999999991
1.0079999999999956
0.9839999999999947
0.9560000000000031
1.0
1.0520000000000067
1.0279999999999916
0.9920000000000044
1.0079999999999956
1.0120000000000005
0.980000000000004
0.9599999999999937
0.9840000000000089
1.0079999999999956
1.0040000000000049
1.0120000000000005