0.31599999999999995
0.9320000000000002
0.9359999999999999
1.0719999999999996
0.9800000000000004
0.9639999999999995
1.008
0.9879999999999995
0.9880000000000013
1.016
1.016
0.9879999999999995
0.984
1.0079999999999991
1.048
0.9480000000000022
1.0
1.0599999999999987
1.0120000000000005
0.9879999999999995
0.9879999999999995
1.0
0.9520000000000017
0.9839999999999982
1.0399999999999991
0.9800000000000004
1.0199999999999996
0.9960000000000022
0.9959999999999987
1.0480000000000018
0.9959999999999987
0.9319999999999986
0.9840000000000018
1.0159999999999982
1.0600000000000023
0.9919999999999973
0.9960000000000022
0.9799999999999969
1.0080000000000027
1.0159999999999982
0.9840000000000018
1.0159999999999982
0.9680000000000035
0.9839999999999947
1.0320000000000036
0.9759999999999991
1.0480000000000018
0.9399999999999977
0.9960000000000022
1.019999999999996
1.0120000000000005
0.9920000000000044
1.0360000000000014
1.0039999999999978
0.9519999999999982
0.980000000000004
0.9879999999999995
1.0079999999999956
1.0159999999999982
1.0080000000000027
1.0039999999999978
1.0160000000000053
1.0479999999999947
0.9400000000000048
1.019999999999996
0.9519999999999982
1.0
0.9920000000000044
1.0400000000000063
0.9799999999999898
1.0200000000000102
0.9959999999999951
1.0360000000000014
1.0079999999999956
0.9959999999999951
0.936000000000007
0.9920000000000044
1.0079999999999956
1.043999999999997
0.9920000000000044
0.9680000000000035
1.019999999999996
0.9959999999999951
0.9879999999999995
1.0080000000000098
1.0039999999999907
1.019999999999996
0.9400000000000119
1.059999999999988
0.9760000000000133
0.9879999999999995
1.0
1.0279999999999916
1.0480000000000018
0.9599999999999937
0.9720000000000084
0.9759999999999991
1.0079999999999956
1.0200000000000102
0.9679999999999893
1.0520000000000067
1.019999999999996
1.0040000000000049
0.9759999999999991
1.0079999999999956
0.9399999999999977
1.0
0.960000000000008
1.0480000000000018
1.0279999999999916
1.0360000000000014
0.9639999999999986
1.0120000000000005
1.019999999999996
0.9640000000000128
0.9839999999999947
0.9639999999999986
1.0040000000000049
1.0120000000000005