0.74
0.5
0.5
0.5
0.5
0.5
0.5
0.5
0.5
0.5
0.4639999999999995
0.5
0.5
0.5
0.46800000000000086
0.4999999999999991
0.5
0.5
0.5
0.5
0.5640000000000001
0.43599999999999994
0.5640000000000001
0.5
0.5
0.5
0.5
0.5
0.5
0.5
0.5
0.5
0.5
0.5
0.5
0.5
0.5
0.5
0.5
0.5
0.5
0.5
0.5
0.5
0.5
0.5
0.5
0.5
0.5
0.5
0.5
0.5
0.5
0.5
0.5
0.5
0.5
0.5
0.5
0.5
0.5
0.5
0.46399999999999864
0.5
0.5
0.5
0.4680000000000035
0.5
0.5
0.5
0.5
0.5
0.5
0.5
0.5640000000000001
0.5
0.5
0.5
0.5
0.5
0.5
0.5039999999999978
0.4960000000000022
0.5
0.5
0.5
0.5
0.5
0.5
0.5
0.5
0.5
0.5
0.5
0.5
0.5
0.5
0.5
0.5
0.5
0.5
0.5
0.5
0.5
0.5
0.5
0.5
0.5
0.5
0.5
0.5
0.5
0.5
0.5
0.46399999999999864
0.5
0.5
0.4679999999999964
0.5
0.5
0.5
0.5
0.5
0.5
0.5
0.5640000000000001
0.5
0.4519999999999982