0.316
0.4
1.048
0.988
0.9279999999999999
1.04
1.0
1.032
0.9279999999999999
1.0759999999999996
0.9199999999999999
1.0040000000000013
1.0399999999999991
1.0
0.9600000000000009
0.9959999999999987
1.0440000000000005
0.9600000000000009
1.0799999999999983
0.9600000000000009
1.032
1.0040000000000013
1.0
0.9879999999999995
1.0079999999999991
0.9639999999999986
1.0040000000000013
0.9600000000000009
1.0399999999999991
1.0279999999999987
1.0120000000000005
0.9559999999999995
1.0039999999999978
1.0
1.0
0.9960000000000022
1.0399999999999991
0.9600000000000009
1.0399999999999991
0.9600000000000009
1.0399999999999991
0.9600000000000009
1.0480000000000018
0.9519999999999982
1.0039999999999978
0.9600000000000009
1.0720000000000027
1.0039999999999978
1.0
0.9600000000000009
1.0399999999999991
0.9600000000000009
1.0480000000000018
0.955999999999996
1.0400000000000063
0.9959999999999951
0.9920000000000044
0.9679999999999964
1.0039999999999978
0.9960000000000022
1.0480000000000018
0.9159999999999968
1.0840000000000032
1.0
0.9159999999999968
1.0800000000000054
0.9919999999999902
0.9680000000000035
0.9560000000000031
1.0840000000000032
0.9159999999999968
1.0400000000000063
1.039999999999992
0.960000000000008
1.043999999999997
0.9200000000000017
1.0799999999999983
1.0
0.9839999999999947
1.019999999999996
0.9840000000000089
1.0120000000000005
0.9959999999999951
0.9200000000000017
1.0040000000000049
1.0360000000000014
0.9639999999999986
1.0759999999999934
0.960000000000008
1.039999999999992
0.960000000000008
1.0039999999999907
0.9960000000000093
1.0
1.0
1.0
1.039999999999992
0.9920000000000044
1.0120000000000005
0.9919999999999902
0.9640000000000128
1.0039999999999907
0.9560000000000031
1.0400000000000063
1.0279999999999916
0.9720000000000084
1.039999999999992
0.9639999999999986
0.9960000000000093
0.9959999999999951
1.0040000000000049
1.039999999999992
1.0
1.0120000000000005
0.9480000000000075
1.0319999999999965
1.0
1.0039999999999907
0.9680000000000035
1.0400000000000063