1.0
1.0
1.004
1.0
0.9960000000000004
1.0
1.0039999999999996
1.0
1.0
1.0
1.0
1.0
1.0
1.0
1.0
1.0
0.9959999999999987
1.0040000000000013
1.0
1.0040000000000013
0.9959999999999987
0.9959999999999987
1.0
1.0040000000000013
1.0
0.9959999999999987
1.0080000000000027
0.9959999999999987
0.9959999999999987
1.0
1.0
1.0000000000000036
1.0079999999999956
0.9960000000000022
1.0
0.9960000000000022
1.0039999999999978
0.9960000000000022
1.0
1.0
1.0039999999999978
1.0
0.9960000000000022
1.0
1.0039999999999978
0.9960000000000022
1.0079999999999956
0.9960000000000022
0.9960000000000022
1.0039999999999978
1.0
1.0
1.0
1.0039999999999978
0.9960000000000022
0.9960000000000022
1.0039999999999978
1.0
1.0039999999999978
0.9920000000000044
1.0079999999999956
0.9920000000000044
1.0080000000000027
0.9919999999999902
1.0040000000000049
1.0
0.9959999999999951
1.0
1.0
1.0040000000000049
1.0
0.9959999999999951
1.0040000000000049
0.9959999999999951
1.0040000000000049
0.9959999999999951
1.0040000000000049
1.0
0.9959999999999951
1.0040000000000049
0.9959999999999951
1.0040000000000049
0.9920000000000044
1.0079999999999956
0.9959999999999951
1.0040000000000049
1.0
1.0040000000000049
0.9959999999999951
1.0
1.0
0.9959999999999951
1.0
1.0
1.0040000000000049
1.0
0.9959999999999951
1.0
1.0
1.0
1.0
1.0
1.0040000000000049
0.9959999999999951
1.0
1.0040000000000049
0.9959999999999951
1.0
1.0040000000000049
0.9959999999999951
1.0040000000000049
0.9920000000000044
1.0120000000000005
0.9959999999999951
1.0
1.0
1.0
0.9959999999999951