0.368
0.32000000000000006
1.044
0.996
1.004
1.0
0.9559999999999995
1.0
1.0
1.0
1.0
1.0
1.040000000000001
1.0039999999999996
0.9559999999999995
1.0
1.0439999999999987
0.9560000000000031
1.0
1.0
1.0
1.0
1.043999999999997
0.9560000000000031
1.0
1.043999999999997
1.0
0.9960000000000022
0.9600000000000009
1.043999999999997
0.9560000000000031
1.0399999999999991
0.9600000000000009
1.0
1.0
1.0
1.0
1.0
1.043999999999997
0.9560000000000031
1.0
1.043999999999997
0.9560000000000031
1.0
1.0
1.0
1.0
1.043999999999997
0.9560000000000031
1.0
1.0
1.0
1.0
1.0399999999999991
0.9600000000000009
1.0
1.0
1.0
1.0
1.0
1.043999999999997
0.9560000000000031
1.0
1.0399999999999991
0.9600000000000009
1.039999999999992
1.0040000000000049
0.9560000000000031
1.039999999999992
0.960000000000008
1.0
1.0
1.0
1.0
1.0
1.0
1.043999999999997
0.9560000000000031
1.0
1.039999999999992
1.0
1.0
1.0040000000000049
0.9560000000000031
1.0
1.0
1.039999999999992
1.0
0.960000000000008
1.0
1.039999999999992
0.960000000000008
1.039999999999992
0.960000000000008
1.0
1.0
1.0
1.039999999999992
0.960000000000008
1.039999999999992
0.960000000000008
1.0
1.0
1.0
1.0
1.0
1.0
1.0
1.0
1.039999999999992
0.960000000000008
1.039999999999992
0.960000000000008
1.0
1.043999999999997
0.9560000000000031
1.0
1.0
1.039999999999992
1.0