0.98
1.0
1.004
1.004
1.0000000000000004
0.9959999999999996
0.9960000000000004
1.008
0.9960000000000004
1.0
1.0
1.0
1.0
1.0
1.0
1.0039999999999996
0.9919999999999991
1.0040000000000013
1.0
1.0039999999999978
1.0
0.9960000000000022
1.0
0.9959999999999987
1.0079999999999991
0.9960000000000022
1.0039999999999978
0.9960000000000022
1.0
1.0039999999999978
0.9960000000000022
1.0
0.9999999999999964
1.0
1.0
1.0
1.0040000000000049
0.9959999999999951
1.0
1.0
1.0
1.0
1.0040000000000049
0.9959999999999951
1.0
0.9960000000000022
1.0039999999999978
1.0
1.0
1.0040000000000049
0.9959999999999951
1.0
1.0
1.0
1.0
1.0
1.0
1.0
1.0
1.0040000000000049
0.9919999999999973
1.0039999999999978
1.0
1.0
0.9960000000000022
1.0040000000000049
0.9959999999999951
1.0079999999999956
1.0
0.9960000000000093
1.0
1.0
1.0
1.0
0.9959999999999951
1.0040000000000049
1.0
1.0039999999999907
1.0
1.0
0.9960000000000093
1.0
1.0
1.0
1.0
1.0
1.0
0.9959999999999951
1.0040000000000049
1.0
1.0
1.0
1.0
0.9959999999999951
1.0040000000000049
0.9959999999999951
1.0040000000000049
1.0
1.0
1.0
1.0
0.9959999999999951
1.0040000000000049
1.0
1.0
1.0
1.0
0.9959999999999951
1.0040000000000049
1.0
1.0
1.0
1.0039999999999907
0.9960000000000093
1.0
1.0
1.0
1.0
1.0
1.0