270
520
770
1019
1270
1520
1769
1974
2270
2520
2770
2969
3270
3520
3770
4020
4270
4519
4770
4972
5269
5520
5769
6019
6270
6520
6770
7020
7223
7477
7696
8020
8270
8520
8770
9020
9270
9471
9769
10019
10221
10437
10519
10770
11020
11269
11471
11769
11975
12269
12520
12769
13019
13270
13519
13769
14020
14269
14519
14770
14977
15269
15519
15770
15978
16226
16520
16769
17020
17269
17520
17770
17970
18269
18519
18769
19020
19269
19520
19726
20019
20270
20434
20519
20769
21019
21269
21519
21769
22020
22194
22481
22718
23019
23269
23519
23769
24020
24270
24519
24769
25019
25269
25519
25770
26019
26269
26519
26769
27019
27270
27520
27769
27942
28019
28269
28519
28769
28970
29269
29519
29731