1.08
2.08
3.08
4.076
5.08
6.08
7.076
7.896
9.08
10.08
11.08
11.876
13.08
14.08
15.08
16.08
17.08
18.076
19.08
19.888
21.076
22.08
23.076
24.076
25.08
26.08
27.08
28.08
28.892
29.908
30.784
32.08
33.08
34.08
35.08
36.08
37.08
37.884
39.076
40.076
40.884
41.748
42.076
43.08
44.08
45.076
45.884
47.076
47.9
49.076
50.08
51.076
52.076
53.08
54.076
55.076
56.08
57.076
58.076
59.08
59.908
61.076
62.076
63.08
63.912
64.904
66.08
67.076
68.08
69.076
70.08
71.08
71.88
73.076
74.076
75.076
76.08
77.076
78.08
78.904
80.076
81.08
81.736
82.076
83.076
84.076
85.076
86.076
87.076
88.08
88.776
89.924
90.872
92.076
93.076
94.076
95.076
96.08
97.08
98.076
99.076
100.076
101.076
102.076
103.08
104.076
105.076
106.076
107.076
108.076
109.08
110.08
111.076
111.768
112.076
113.076
114.076
115.076
115.88
117.076
118.076
118.924