0.676
0.496
0.5
0.5
0.5
0.5
0.5
0.5
0.5
0.5
0.5
0.5
0.5
0.5
0.4999999999999991
0.5
0.5
0.5
0.5
0.5
0.5
0.5
0.532
0.46799999999999997
0.5
0.5
0.5
0.5
0.5
0.5
0.4960000000000022
0.5039999999999978
0.4960000000000022
0.5
0.5039999999999978
0.5
0.5
0.4960000000000022
0.5039999999999978
0.5
0.5
0.5
0.5
0.5
0.4960000000000022
0.5
0.5039999999999978
0.5
0.4960000000000022
0.5
0.5
0.5
0.5
0.5
0.5
0.5
0.5
0.5
0.5
0.5
0.5
0.5
0.49999999999999645
0.5
0.5
0.5
0.4960000000000022
0.5039999999999978
0.5
0.5
0.5
0.5
0.5
0.5
0.5
0.5
0.5
0.5
0.5
0.5
0.5
0.4960000000000022
0.5039999999999978
0.5
0.5
0.5
0.5
0.5
0.5
0.5
0.5
0.4960000000000022
0.5039999999999978
0.5
0.4960000000000022
0.5
0.5
0.5
0.5
0.5
0.5
0.5039999999999978
0.4960000000000022
0.5
0.5039999999999978
0.4960000000000022
0.5
0.5039999999999978
0.4960000000000022
0.5
0.5
0.5
0.5
0.5
0.5
0.5
0.5
0.5
0.5
0.5
0.5
0.5
0.5
0.5
0.5
0.5
0.4999999999999929