0.332
0.348
0.5
0.5
0.5
0.536
0.46399999999999997
0.5
0.5
0.5359999999999996
0.4640000000000004
0.5
0.5359999999999996
0.4640000000000004
0.5960000000000001
0.4039999999999999
0.5800000000000001
0.516
0.43599999999999994
0.5600000000000005
0.44399999999999906
0.5
0.46000000000000085
0.5399999999999991
0.5560000000000009
0.516
0.42799999999999905
0.5
0.5
0.5
0.5560000000000009
0.44400000000000084
0.4599999999999973
0.5360000000000014
0.5
0.5560000000000009
0.5039999999999978
0.4400000000000013
0.5
0.5
0.5680000000000014
0.43599999999999994
0.4599999999999973
0.5360000000000014
0.5
0.46399999999999864
0.5
0.5400000000000027
0.5519999999999996
0.4079999999999977
0.5
0.5
0.5360000000000014
0.46399999999999864
0.5
0.5
0.5920000000000023
0.4079999999999977
0.5360000000000014
0.46399999999999864
0.5360000000000014
0.46399999999999864
0.5360000000000014
0.5560000000000009
0.4439999999999955
0.5480000000000018
0.4519999999999982
0.5560000000000045
0.49199999999999733
0.4519999999999982
0.5
0.5560000000000045
0.4439999999999955
0.568000000000005
0.43199999999999505
0.5
0.5
0.5
0.5400000000000063
0.45599999999999596
0.544000000000004
0.4959999999999951
0.46399999999999864
0.5
0.5
0.5520000000000067
0.4479999999999933
0.4960000000000022
0.5039999999999978
0.5560000000000045
0.40399999999999636
0.5800000000000054
0.45599999999999596
0.46399999999999864
0.5360000000000014
0.46399999999999864
0.5360000000000014
0.46399999999999864
0.5
0.5960000000000036
0.40399999999999636
0.5
0.588000000000001
0.41199999999999903
0.5
0.5
0.5920000000000059
0.40799999999999415
0.5
0.5
0.5
0.5360000000000014
0.5
0.5
0.5
0.5
0.5
0.5600000000000023
0.4399999999999977
0.5
0.46399999999999864
0.5360000000000014
0.5480000000000018
0.4480000000000004
0.5039999999999978
0.5
0.5
0.5000000000000071