0.516
1.108
1.1360000000000001
0.9879999999999995
0.9800000000000004
1.0039999999999996
0.9320000000000004
1.0639999999999992
0.9880000000000013
1.016
1.016
0.9879999999999995
0.9879999999999995
1.0039999999999996
1.008000000000001
0.9880000000000013
1.0
0.9799999999999969
0.9720000000000013
1.0680000000000014
0.9879999999999995
0.9199999999999982
1.0720000000000027
0.9839999999999982
1.0
1.0199999999999996
1.0199999999999996
0.9960000000000022
0.9959999999999987
0.968
0.9959999999999987
1.012000000000004
0.9839999999999947
1.0160000000000053
0.9399999999999977
1.0720000000000027
0.955999999999996
1.0600000000000023
1.0079999999999956
0.9760000000000062
0.9839999999999947
0.9759999999999991
1.0480000000000018
0.9840000000000018
0.9919999999999973
1.0160000000000053
0.9279999999999973
1.064
0.9919999999999973
1.0200000000000031
1.0120000000000005
0.9919999999999973
0.9160000000000039
1.083999999999996
0.9920000000000044
0.9799999999999969
0.9879999999999995
1.0080000000000027
1.0159999999999982
1.0080000000000027
1.0079999999999956
1.0120000000000005
0.9280000000000044
1.0599999999999952
0.9000000000000057
1.0720000000000027
1.0
0.9919999999999902
1.0
1.019999999999996
1.0200000000000102
0.9959999999999951
0.9959999999999951
0.9280000000000115
1.0759999999999934
0.9759999999999991
0.9920000000000044
1.0079999999999956
1.0040000000000049
0.9119999999999919
1.088000000000008
1.019999999999996
0.9959999999999951
0.9879999999999995
1.0080000000000098
1.0039999999999907
0.980000000000004
0.9840000000000089
0.9759999999999991
1.0559999999999974
0.9879999999999995
1.0
1.0279999999999916
1.0080000000000098
0.8799999999999955
1.0120000000000005
1.0559999999999974
1.0080000000000098
0.9799999999999898
1.0080000000000098
1.0159999999999911
1.0559999999999974
0.8840000000000003
0.9759999999999991
1.088000000000008
0.980000000000004
0.9599999999999937
1.0
1.0480000000000018
1.0279999999999916
0.916000000000011
1.083999999999989
1.0120000000000005
0.980000000000004
0.9639999999999986
0.9040000000000106
1.083999999999989
1.0080000000000098
1.0079999999999956
0.9320000000000022