0.528
1.2560000000000002
0.96
0.9439999999999995
0.9800000000000004
1.1079999999999997
0.952
1.048000000000001
0.927999999999999
1.016
1.0760000000000005
0.9879999999999995
0.9239999999999995
1.064
0.9480000000000004
1.0519999999999996
0.9960000000000022
1.0199999999999996
0.9519999999999982
1.0480000000000018
0.9279999999999973
1.0
1.056000000000001
0.9239999999999995
1.056000000000001
0.9639999999999986
1.0760000000000005
1.0
0.9920000000000009
1.0079999999999991
0.9960000000000022
0.9759999999999955
0.980000000000004
1.0159999999999982
0.9600000000000009
0.9919999999999973
1.0560000000000045
1.019999999999996
1.0080000000000027
0.9759999999999991
0.9840000000000018
1.0159999999999982
1.0120000000000005
0.9799999999999969
0.9920000000000044
1.0159999999999982
0.9480000000000004
0.9840000000000018
1.0519999999999996
1.019999999999996
1.0120000000000005
0.9920000000000044
0.9359999999999999
1.064
0.9359999999999999
1.0399999999999991
0.9879999999999995
1.0080000000000027
1.0119999999999933
1.0080000000000027
0.9480000000000004
1.0720000000000027
0.9480000000000004
1.043999999999997
0.9159999999999968
1.0520000000000067
1.0039999999999907
0.9920000000000044
0.9959999999999951
1.0200000000000102
1.019999999999996
1.0
0.9920000000000044
0.9479999999999933
0.9960000000000093
1.039999999999992
0.9879999999999995
0.9519999999999982
1.0600000000000023
0.9320000000000022
1.0679999999999978
1.019999999999996
0.9960000000000093
0.9919999999999902
1.0040000000000049
1.0079999999999956
0.9759999999999991
0.9240000000000066
1.0759999999999934
1.0160000000000053
0.9320000000000022
1.0559999999999974
1.0280000000000058
0.9479999999999933
0.960000000000008
0.9719999999999942
1.0759999999999934
1.0120000000000005
0.9759999999999991
1.0080000000000098
0.9959999999999951
1.0760000000000076
0.9039999999999964
0.9759999999999991
1.0079999999999956
0.9840000000000089
1.0159999999999911
1.0
1.0480000000000018
1.0280000000000058
0.9359999999999928
1.0080000000000098
1.0719999999999885
0.9759999999999991
0.9040000000000106
0.9839999999999947
1.0640000000000072
0.9479999999999933
1.0679999999999978