0.748
0.508
0.508
0.504
0.5
0.42799999999999994
0.56
0.5
0.5
0.5039999999999996
0.5040000000000004
0.49599999999999955
0.49600000000000044
0.492
0.49600000000000044
0.5
0.5039999999999996
0.5039999999999996
0.5039999999999996
0.5
0.49600000000000044
0.49600000000000044
0.49600000000000044
0.5
0.5039999999999996
0.5039999999999996
0.5039999999999996
0.5
0.5
0.49600000000000044
0.5000000000000018
0.46399999999999864
0.5360000000000014
0.5039999999999978
0.43599999999999994
0.5680000000000014
0.49599999999999866
0.4960000000000022
0.49599999999999866
0.49599999999999866
0.5
0.5040000000000013
0.5040000000000013
0.5
0.5
0.5
0.49599999999999866
0.46399999999999864
0.5
0.5360000000000014
0.5040000000000013
0.5
0.5
0.4319999999999986
0.5640000000000001
0.5
0.5
0.43599999999999994
0.5680000000000014
0.5039999999999978
0.5
0.5
0.4319999999999986
0.5640000000000001
0.4960000000000022
0.4960000000000022
0.43199999999999505
0.5640000000000001
0.5040000000000049
0.5
0.5
0.5
0.5
0.5
0.5039999999999978
0.5039999999999978
0.44000000000000483
0.5719999999999956
0.46399999999999864
0.4960000000000022
0.5240000000000009
0.4960000000000022
0.4959999999999951
0.5
0.5
0.5
0.5
0.4960000000000022
0.4960000000000022
0.5
0.4399999999999977
0.5760000000000005
0.5080000000000027
0.5079999999999956
0.5
0.4960000000000022
0.42799999999999727
0.5640000000000001
0.5
0.5
0.5
0.4280000000000044
0.5559999999999974
0.49199999999999733
0.49200000000000443
0.5039999999999978
0.5039999999999978
0.5080000000000027
0.5080000000000027
0.5039999999999978
0.43200000000000216
0.5
0.5679999999999978
0.4399999999999977
0.5760000000000005
0.43599999999999994
0.5640000000000001
0.49200000000000443
0.48799999999999955
0.49199999999999733
0.4960000000000022
0.5
0.43599999999999994
0.5679999999999978
0.46399999999999864
0.46399999999999864
0.49200000000000443