0.6960000000000001
0.46799999999999997
0.536
0.46399999999999997
0.5
0.528
0.5039999999999996
0.43600000000000083
0.5639999999999992
0.43600000000000083
0.5679999999999996
0.4320000000000004
0.5
0.5319999999999991
0.46800000000000086
0.4999999999999991
0.5
0.532
0.46799999999999997
0.5
0.5760000000000005
0.49600000000000044
0.48799999999999955
0.4919999999999991
0.4800000000000004
0.5
0.5280000000000005
0.4399999999999995
0.5640000000000001
0.43599999999999994
0.532
0.5
0.5
0.5279999999999987
0.5040000000000013
0.49599999999999866
0.5200000000000031
0.4839999999999982
0.46799999999999997
0.5279999999999987
0.46799999999999997
0.5280000000000022
0.5039999999999978
0.5080000000000027
0.4599999999999973
0.5
0.5280000000000022
0.4759999999999991
0.5240000000000009
0.5159999999999982
0.4559999999999995
0.5280000000000022
0.4400000000000013
0.5639999999999965
0.5
0.5080000000000027
0.4280000000000008
0.5599999999999987
0.4400000000000013
0.5
0.5559999999999974
0.4440000000000026
0.5
0.5319999999999965
0.5399999999999991
0.4280000000000044
0.5719999999999956
0.48400000000000176
0.4440000000000026
0.5640000000000001
0.4679999999999964
0.4680000000000035
0.5799999999999983
0.4200000000000017
0.5
0.5599999999999952
0.4720000000000013
0.5320000000000036
0.4679999999999964
0.5360000000000014
0.49199999999999733
0.5160000000000053
0.4959999999999951
0.48799999999999955
0.5160000000000053
0.49199999999999733
0.5080000000000027
0.4799999999999969
0.5
0.5039999999999978
0.5040000000000049
0.49199999999999733
0.5039999999999978
0.5240000000000009
0.49200000000000443
0.4519999999999982
0.5039999999999978
0.5360000000000014
0.49199999999999733
0.5040000000000049
0.5
0.5039999999999978
0.46000000000000085
0.5480000000000018
0.48799999999999955
0.4679999999999964
0.46399999999999864
0.5720000000000027
0.49199999999999733
0.5
0.5040000000000049
0.46399999999999864
0.5240000000000009
0.4759999999999991
0.5319999999999965
0.43599999999999994
0.5640000000000001
0.5280000000000058
0.4679999999999964
0.4720000000000013
0.5
0.4679999999999964
0.5640000000000001
0.4680000000000035
0.4679999999999964
0.5
0.5
0.5159999999999982