0.504
0.496
0.5
0.5
0.504
0.496
0.5
0.5
0.5
0.49600000000000044
0.5
0.5
0.5
0.5039999999999996
0.5
0.5
0.49600000000000044
0.5039999999999996
0.49600000000000044
0.5
0.5
0.5039999999999996
0.5
0.5
0.49600000000000044
0.5
0.5
0.5
0.5039999999999996
0.5
0.49599999999999866
0.4960000000000022
0.5039999999999978
0.5040000000000013
0.5
0.49599999999999866
0.5040000000000013
0.49599999999999866
0.5
0.4960000000000022
0.5
0.5039999999999978
0.5
0.5
0.5
0.5040000000000013
0.49599999999999866
0.5
0.5
0.4960000000000022
0.5079999999999991
0.49599999999999866
0.4960000000000022
0.5039999999999978
0.5
0.5
0.4960000000000022
0.5
0.5039999999999978
0.4960000000000022
0.5039999999999978
0.4960000000000022
0.5040000000000013
0.4959999999999951
0.5040000000000049
0.5
0.5
0.5
0.5
0.4959999999999951
0.5040000000000049
0.5
0.5
0.4959999999999951
0.5
0.5040000000000049
0.5
0.4959999999999951
0.5
0.5040000000000049
0.4959999999999951
0.5
0.5
0.5040000000000049
0.4959999999999951
0.4960000000000022
0.5039999999999978
0.5040000000000049
0.49199999999999733
0.5039999999999978
0.5040000000000049
0.5
0.5
0.4959999999999951
0.5
0.5
0.5
0.5
0.5
0.5
0.5
0.5
0.5040000000000049
0.49199999999999733
0.5039999999999978
0.5
0.5
0.5040000000000049
0.4959999999999951
0.5
0.5
0.5
0.5
0.5
0.4960000000000022
0.5039999999999978
0.5
0.4960000000000022
0.5039999999999978
0.5
0.5
0.4960000000000022
0.5
0.5
0.5039999999999978
0.4960000000000022