0.35600000000000004
0.372
0.5
0.5
0.528
0.5
0.472
0.5
0.532
0.46799999999999997
0.5279999999999996
0.4720000000000004
0.532
0.49599999999999955
0.5
0.5000000000000009
0.5
0.47199999999999953
0.5280000000000005
0.5
0.5
0.5
0.5
0.5
0.5
0.5
0.5
0.5
0.5
0.5
0.5
0.47199999999999953
0.5279999999999987
0.46799999999999997
0.532
0.5
0.4960000000000022
0.5
0.5039999999999978
0.5
0.4960000000000022
0.47199999999999775
0.5
0.5280000000000022
0.47199999999999775
0.5
0.5280000000000022
0.47199999999999775
0.532
0.46799999999999997
0.5280000000000022
0.47199999999999775
0.532
0.4960000000000022
0.5
0.5039999999999978
0.5
0.46799999999999997
0.5
0.5280000000000022
0.5039999999999978
0.46799999999999997
0.5280000000000022
0.49999999999999645
0.5
0.5
0.4720000000000013
0.5
0.5279999999999987
0.5
0.5
0.5
0.5
0.5
0.4720000000000013
0.5279999999999987
0.5
0.5
0.5
0.5
0.4960000000000022
0.5039999999999978
0.5
0.5
0.5
0.5
0.5
0.5
0.5
0.4960000000000022
0.5039999999999978
0.5
0.4680000000000035
0.5279999999999987
0.4720000000000013
0.5279999999999987
0.5
0.5
0.5039999999999978
0.5
0.5
0.5
0.4960000000000022
0.5
0.5
0.5
0.5
0.5039999999999978
0.5
0.4960000000000022
0.4720000000000013
0.5279999999999987
0.5
0.5
0.5
0.4720000000000013
0.5279999999999987
0.5
0.5039999999999978
0.4960000000000022
0.4720000000000013
0.5279999999999987
0.5
0.5
0.5
0.5
0.5
0.5000000000000071