0.304
0.376
0.6000000000000001
0.48
0.45199999999999996
0.56
0.43199999999999994
0.46399999999999997
0.5359999999999996
0.5040000000000004
0.5039999999999996
0.5040000000000004
0.5039999999999996
0.4640000000000004
0.5
0.5
0.5360000000000005
0.5039999999999996
0.5
0.4640000000000004
0.5359999999999996
0.5559999999999992
0.43599999999999994
0.49600000000000044
0.5800000000000001
0.41600000000000037
0.5
0.5
0.5
0.46000000000000085
0.5439999999999987
0.46000000000000085
0.5440000000000005
0.5
0.46799999999999997
0.5359999999999978
0.4640000000000022
0.5359999999999978
0.5
0.5040000000000013
0.5440000000000005
0.41600000000000037
0.532
0.4559999999999995
0.532
0.46000000000000085
0.5960000000000001
0.44399999999999906
0.5640000000000001
0.4039999999999999
0.532
0.5479999999999983
0.4559999999999995
0.5040000000000013
0.5680000000000014
0.4480000000000004
0.46399999999999864
0.49599999999999866
0.4960000000000022
0.5279999999999987
0.5519999999999996
0.45200000000000173
0.5599999999999987
0.4880000000000031
0.4439999999999955
0.4960000000000022
0.48799999999999955
0.5
0.5559999999999974
0.4160000000000039
0.5480000000000018
0.4679999999999964
0.5399999999999991
0.5
0.4960000000000022
0.4960000000000022
0.5039999999999978
0.5559999999999974
0.41199999999999903
0.5
0.4960000000000022
0.49199999999999733
0.5280000000000058
0.5079999999999956
0.48400000000000176
0.5039999999999978
0.5120000000000005
0.5040000000000049
0.5
0.4959999999999951
0.4960000000000022
0.4960000000000022
0.5640000000000001
0.40799999999999415
0.5040000000000049
0.5399999999999991
0.46000000000000085
0.5679999999999978
0.4160000000000039
0.4959999999999951
0.6080000000000041
0.3999999999999986
0.5439999999999969
0.5120000000000005
0.5
0.4960000000000022
0.49199999999999733
0.46000000000000085
0.6039999999999992
0.4960000000000022
0.40800000000000125
0.5360000000000014
0.4959999999999951
0.48799999999999955
0.544000000000004
0.40800000000000125
0.5999999999999943
0.40800000000000125
0.544000000000004
0.5039999999999978
0.5039999999999978
0.5600000000000023
0.43599999999999994
0.5640000000000001
0.4480000000000004
0.5
0.46399999999999864
0.5879999999999939