0.98
1.008
1.016
0.8360000000000003
1.1759999999999993
1.0200000000000005
1.0079999999999991
0.9760000000000009
0.9759999999999991
1.0040000000000013
1.0039999999999996
0.984
1.0039999999999996
1.0359999999999996
1.0120000000000022
0.6639999999999979
0.31200000000000117
0.6759999999999984
0.3160000000000025
0.7159999999999975
1.2800000000000011
0.9639999999999986
1.0080000000000027
1.0399999999999991
1.0079999999999991
0.9800000000000004
1.0120000000000005
0.8520000000000003
1.1439999999999984
0.9640000000000022
1.0039999999999978
1.0199999999999996
0.9959999999999987
1.0
0.8200000000000003
1.216000000000001
0.9759999999999991
0.6600000000000037
0.3200000000000003
1.0
1.0
0.9959999999999951
0.7120000000000033
1.3200000000000003
1.0080000000000027
0.9879999999999995
0.9919999999999973
0.9919999999999973
0.9840000000000018
0.7959999999999994
1.0040000000000049
1.2239999999999966
1.0039999999999978
1.0040000000000049
0.8279999999999959
1.1640000000000015
0.9840000000000018
0.6999999999999957
1.304000000000002
1.0039999999999978
1.0040000000000049
1.0120000000000005
1.0
0.9839999999999947
0.9920000000000044
1.0120000000000005
0.9920000000000044
0.9919999999999902
0.7879999999999967
1.2439999999999998
0.9920000000000044
0.980000000000004
1.0040000000000049
1.0159999999999911
0.9879999999999995
0.980000000000004
1.0120000000000005
1.024000000000001
0.9879999999999995
0.980000000000004
0.6839999999999975
0.32399999999999807
1.019999999999996
0.9920000000000044
0.980000000000004
1.0079999999999956
1.019999999999996
0.9920000000000044
0.9759999999999991
1.0040000000000049
1.0159999999999911
1.0
0.980000000000004
1.0
0.8520000000000039
1.1839999999999975
0.980000000000004
0.9919999999999902
1.0160000000000053
0.9959999999999951
0.9720000000000084
0.9839999999999947
1.019999999999996
1.0200000000000102
0.9959999999999951
1.0040000000000049
1.0279999999999916
1.0079999999999956
0.9680000000000035
0.9720000000000084
0.6919999999999931
0.30400000000000205
0.9920000000000044
0.9879999999999995
1.0079999999999956
0.6919999999999931
0.3440000000000083
1.019999999999996
1.0040000000000049
1.0
1.0
0.9759999999999991
0.7800000000000011
1.1799999999999926