0.18799999999999994
0.984
1.012
1.012
1.0120000000000005
1.0039999999999996
1.0119999999999996
1.016000000000001
0.9759999999999991
0.9760000000000009
1.0039999999999996
1.0
0.984
1.0039999999999996
1.032
1.016
0.9800000000000004
0.9920000000000009
1.0079999999999991
0.9840000000000018
0.968
1.0039999999999978
1.0399999999999991
1.0080000000000027
0.9879999999999995
1.0079999999999991
1.0199999999999996
0.9720000000000013
0.9600000000000009
1.0039999999999978
1.0280000000000022
0.9879999999999995
1.0039999999999978
1.0200000000000031
1.019999999999996
0.9720000000000013
0.980000000000004
1.0
1.0
0.9959999999999951
1.0080000000000027
1.0279999999999987
1.0039999999999978
0.9879999999999995
0.9920000000000044
0.9959999999999951
0.980000000000004
0.9960000000000022
1.0120000000000005
1.0159999999999982
1.0079999999999956
0.9960000000000022
1.0120000000000005
0.9879999999999995
0.980000000000004
1.0
1.0039999999999978
1.0039999999999978
1.0
1.0200000000000031
0.9959999999999951
0.980000000000004
0.9960000000000022
1.0079999999999956
1.0
0.9879999999999995
1.0120000000000005
1.0280000000000058
0.9839999999999947
0.980000000000004
1.0039999999999907
1.0160000000000053
0.9920000000000044
0.9759999999999991
1.0159999999999911
1.0200000000000102
0.9919999999999902
0.9759999999999991
1.0080000000000098
1.024000000000001
0.9839999999999947
0.9879999999999995
1.0040000000000049
1.0159999999999911
0.9960000000000093
0.9839999999999947
0.9959999999999951
1.0160000000000053
1.0
0.980000000000004
1.0
1.0319999999999965
1.0079999999999956
0.9759999999999991
0.9920000000000044
1.0160000000000053
1.0
0.9679999999999893
0.9880000000000138
1.019999999999996
1.0159999999999911
1.0
1.0
1.0280000000000058
1.0079999999999956
0.9720000000000084
0.9639999999999986
1.0
0.9920000000000044
0.9919999999999902
1.0
1.0400000000000063
1.019999999999996
1.0
1.0079999999999956
0.9920000000000044
0.9839999999999947
0.9640000000000128
0.9919999999999902
1.0080000000000098