0.332
0.33599999999999997
0.808
0.3680000000000001
0.8119999999999998
1.016
1.112
0.9000000000000004
1.0159999999999991
1.056
0.9320000000000004
0.9760000000000009
1.0039999999999996
1.096
0.8919999999999995
1.0039999999999996
1.1280000000000001
0.9199999999999999
0.9759999999999991
1.0839999999999996
0.968
0.9360000000000035
1.011999999999997
1.0040000000000013
1.096
0.9519999999999982
0.9360000000000035
1.011999999999997
1.064
0.9760000000000026
0.9639999999999986
1.056000000000001
0.9719999999999978
1.0519999999999996
0.9960000000000022
1.019999999999996
1.0160000000000053
0.9199999999999946
0.980000000000004
1.0600000000000023
1.0
0.9359999999999999
1.064
1.0319999999999965
0.9440000000000026
0.9879999999999995
1.0399999999999991
1.0039999999999978
0.9280000000000044
1.043999999999997
1.0200000000000031
0.9599999999999937
1.0040000000000049
1.0
1.0
1.0559999999999974
0.9680000000000035
0.9959999999999951
1.0040000000000049
1.0079999999999956
0.9560000000000031
1.0120000000000005
1.0480000000000018
0.9359999999999999
0.9919999999999973
1.0120000000000005
0.9920000000000044
0.9919999999999902
0.9639999999999986
1.1200000000000045
0.8960000000000008
1.0840000000000032
0.9479999999999933
0.9680000000000035
1.0319999999999965
1.0360000000000014
0.9120000000000061
1.1280000000000001
0.8840000000000003
1.024000000000001
0.9639999999999986
1.1199999999999903
0.9840000000000089
0.9320000000000022
1.0079999999999956
0.9759999999999991
1.0960000000000036
0.8719999999999999
1.0960000000000036
0.9239999999999924
1.0480000000000018
0.9320000000000022
1.0
1.0279999999999916
1.1000000000000085
0.887999999999991
1.0360000000000014
0.9680000000000035
1.0480000000000018
0.9680000000000035
1.039999999999992
0.9639999999999986
0.9759999999999991
1.0400000000000063
0.9599999999999937
1.0280000000000058
1.0520000000000067
0.9239999999999924
0.9719999999999942
0.9960000000000093
1.039999999999992
0.9840000000000089
1.0079999999999956
1.0360000000000014
0.9759999999999991
1.0480000000000018
0.9560000000000031
1.0
0.9759999999999991
0.9680000000000035
0.9919999999999902
1.0520000000000067