0.964
0.984
1.008
1.012
1.008
1.0040000000000004
1.0199999999999996
1.008
0.9800000000000004
0.9719999999999995
1.0039999999999996
1.0040000000000013
0.9879999999999995
1.0
1.032
1.0199999999999978
0.9760000000000026
0.9920000000000009
1.011999999999997
0.9840000000000018
0.9639999999999986
1.0080000000000027
1.032
1.011999999999997
0.9840000000000018
1.0079999999999991
1.024000000000001
0.9759999999999991
0.9640000000000022
1.0
1.0239999999999974
0.9960000000000022
0.9960000000000022
1.0239999999999938
1.0120000000000005
0.980000000000004
0.9799999999999969
1.0
1.0
0.9879999999999995
1.0160000000000053
1.0279999999999987
1.0039999999999978
0.9840000000000018
0.9919999999999973
0.9960000000000022
0.9879999999999995
0.9919999999999973
1.0120000000000005
1.0159999999999982
1.0
1.0080000000000027
1.0039999999999978
0.9840000000000018
0.9879999999999995
0.9960000000000022
1.0080000000000027
1.0
1.0079999999999956
1.0080000000000027
1.0
0.9879999999999995
0.9919999999999973
1.0080000000000027
0.9999999999999929
0.980000000000004
1.0160000000000053
1.024000000000001
0.9919999999999902
0.980000000000004
1.0040000000000049
1.0120000000000005
0.9919999999999902
0.9759999999999991
1.0120000000000005
1.0280000000000058
0.9839999999999947
0.980000000000004
1.0079999999999956
1.0200000000000102
0.9919999999999902
0.9840000000000089
1.0
1.0279999999999916
0.9920000000000044
0.9759999999999991
1.0
1.024000000000001
0.9920000000000044
0.9839999999999947
0.9959999999999951
1.0280000000000058
1.0120000000000005
0.980000000000004
0.9919999999999902
1.0120000000000005
1.0
0.9680000000000035
0.9840000000000089
1.019999999999996
1.024000000000001
0.9919999999999902
1.0080000000000098
1.024000000000001
1.0079999999999956
0.9719999999999942
0.9720000000000084
0.9920000000000044
0.9959999999999951
0.980000000000004
1.0120000000000005
1.0359999999999872
1.024000000000001
1.0
1.0
1.0040000000000049
0.9759999999999991
0.9720000000000084
0.9879999999999995
1.0039999999999907