61.224489795918366
59.523809523809526
59.05511811023622
71.77033492822964
51.02040816326534
58.82352941176468
59.523809523809575
61.475409836065516
61.47540983606563
59.76095617529872
59.76095617529883
60.97560975609756
59.76095617529883
57.915057915057936
59.28853754940698
90.36144578313281
192.30769230769158
88.75739644970436
189.87341772151748
83.79888268156454
46.87499999999996
62.24066390041503
59.52380952380937
57.69230769230774
59.523809523809575
61.22448979591834
59.28853754940709
70.42253521126759
52.447552447552525
62.240663900414795
59.760956175298936
58.82352941176473
60.24096385542177
60.0
73.17073170731705
49.34210526315785
61.47540983606563
90.9090909090904
187.49999999999983
60.0
60.0
60.24096385542198
84.26966292134793
45.454545454545446
59.52380952380937
60.72874493927128
60.4838709677421
60.4838709677421
60.975609756097455
75.3768844221106
59.76095617529852
49.019607843137386
59.760956175298936
59.76095617529852
72.46376811594239
51.54639175257726
60.975609756097455
85.71428571428623
46.012269938650235
59.760956175298936
59.76095617529852
59.28853754940709
60.0
60.97560975609789
60.483870967741666
59.28853754940709
60.483870967741666
60.48387096774253
76.14213197969575
48.2315112540193
60.483870967741666
61.22448979591812
59.76095617529852
59.055118110236734
60.72874493927128
61.22448979591812
59.28853754940709
58.59374999999995
60.72874493927128
61.22448979591812
87.71929824561435
185.1851851851863
58.82352941176494
60.483870967741666
61.22448979591812
59.52380952380979
58.82352941176494
60.483870967741666
61.47540983606563
59.76095617529852
59.055118110236734
60.0
61.22448979591812
60.0
70.42253521126729
50.675675675675784
61.22448979591812
60.48387096774253
59.05511811023591
60.24096385542198
61.72839506172786
60.97560975609789
58.82352941176494
58.82352941176411
60.24096385542198
59.76095617529852
58.36575875486429
59.52380952380979
61.98347107437994
61.72839506172786
86.70520231213959
197.36842105263025
60.483870967741666
60.72874493927128
59.52380952380979
86.70520231213959
174.41860465115857
58.82352941176494
59.76095617529852
60.0
60.0
61.47540983606563
76.9230769230768
50.84745762711896