128.2051282051282
172.41379310344834
78.94736842105263
52.8169014084507
59.05511811023622
59.523809523809526
59.76095617529883
59.05511811023622
59.28853754940714
61.475409836065516
61.72839506172843
59.52380952380947
59.76095617529883
60.97560975609756
60.0
57.915057915057936
59.288537549407195
61.47540983606541
62.50000000000018
57.25190839694647
60.72874493927128
62.24066390041503
60.0
57.692307692307544
59.523809523809575
60.97560975609767
59.28853754940709
58.82352941176473
64.1025641025641
59.76095617529872
60.0
58.82352941176473
59.760956175298936
60.483870967741666
58.59374999999995
59.05511811023632
61.47540983606563
61.47540983606563
60.0
59.760956175298936
60.483870967741666
59.52380952380979
58.13953488372073
59.760956175298936
60.72874493927128
60.483870967741666
60.72874493927128
60.72874493927128
60.4838709677421
59.05511811023632
60.975609756097455
57.91505791505784
59.760956175298936
62.24066390041457
58.593750000000355
63.02521008403326
58.36575875486389
59.52380952380979
59.76095617529852
59.52380952380979
59.28853754940709
60.0
61.22448979591812
60.24096385542198
59.76095617529852
61.72839506172876
59.05511811023591
59.05511811023591
58.82352941176494
60.483870967741666
61.47540983606563
59.52380952380979
59.05511811023591
60.97560975609789
61.22448979591812
59.28853754940709
58.59374999999995
60.72874493927128
61.224489795919006
59.76095617529852
58.59374999999995
63.02521008403373
59.05511811023591
59.055118110236734
59.05511811023591
60.24096385542198
63.829787234042705
57.91505791505784
58.82352941176411
60.0
60.97560975609789
60.24096385542198
58.59374999999995
59.28853754940709
61.22448979591812
60.483870967741666
59.055118110236734
61.72839506172786
60.24096385542198
60.97560975609789
59.05511811023591
58.59374999999995
60.483870967741666
59.52380952380979
58.59374999999995
59.28853754940709
61.98347107437994
63.29113924050678
61.22448979591812
58.139534883721126
61.22448979591812
59.52380952380979
57.47126436781626
59.05511811023591
59.76095617529852
59.76095617529936
60.0
61.22448979591812
62.24066390041503
61.98347107437994