194.80519480519482
185.18518518518513
74.6268656716418
180.72289156626502
70.42253521126761
54.94505494505494
61.98347107438017
61.98347107438017
56.81818181818181
55.147058823529406
66.96428571428565
61.47540983606563
55.350553505535075
62.24066390041491
63.55932203389825
59.76095617529883
57.915057915057936
54.945054945055006
64.1025641025641
60.48387096774188
57.03422053231942
63.55932203389837
59.52380952380937
62.49999999999994
55.76208178438677
61.47540983606541
61.224489795918565
57.03422053231922
61.224489795918565
59.76095617529872
66.96428571428565
55.76208178438659
58.59375000000015
60.48387096774188
64.6551724137928
58.593750000000355
55.14705882352936
63.82978723404222
59.28853754940751
59.76095617529852
60.0
65.2173913043477
55.147058823529726
63.291139240506304
57.47126436781587
63.291139240506304
60.4838709677421
60.483870967741666
60.72874493927128
60.4838709677421
57.03422053231942
59.05511811023632
57.69230769230774
61.98347107437994
59.760956175298936
60.72874493927128
63.55932203389813
57.91505791505784
61.9834710743804
55.35055350553489
64.93506493506497
57.03422053231942
60.0
63.55932203389813
58.139534883721126
57.692307692307345
62.24066390041503
58.59374999999995
61.47540983606563
58.59374999999995
63.02521008403373
58.82352941176494
59.52380952380979
57.692307692307345
62.500000000000405
59.28853754940709
63.829787234042705
54.34782608695656
63.55932203389813
58.82352941176411
59.28853754940709
59.28853754940709
62.76150627615136
60.975609756097015
59.28853754940709
59.055118110236734
60.483870967741666
61.72839506172876
57.47126436781548
61.224489795919006
62.49999999999948
56.60377358490554
59.76095617529936
60.975609756097015
57.25190839694724
63.829787234041746
63.02521008403373
54.545454545454824
65.50218340611376
57.25190839694647
60.72874493927128
64.10256410256362
54.74452554744507
65.21739130434871
57.47126436781548
60.72874493927128
59.76095617529936
61.72839506172786
59.52380952380979
57.47126436781626
63.29113924050583
60.72874493927128
59.52380952380979
57.91505791505784
58.82352941176494
62.24066390041503
57.692307692307345
57.91505791505784
61.98347107437994
63.559322033899086
58.365758754863485