319.14893617021283
60.97560975609756
59.28853754940712
59.28853754940712
59.28853754940709
59.76095617529883
59.28853754940714
59.055118110236165
61.47540983606563
61.475409836065516
59.76095617529883
60.0
60.97560975609756
59.76095617529883
58.13953488372093
59.05511811023622
61.22448979591834
60.48387096774188
59.523809523809575
60.975609756097455
61.98347107438017
59.760956175298936
57.69230769230774
59.52380952380937
60.72874493927128
59.523809523809575
58.82352941176473
61.728395061728314
62.49999999999994
59.760956175298936
58.365758754863684
60.72874493927128
59.760956175298936
58.823529411764525
58.82352941176494
61.728395061728314
61.22448979591812
60.0
60.0
60.24096385542198
59.52380952380937
58.36575875486389
59.760956175298936
60.72874493927128
60.483870967741666
60.24096385542198
61.22448979591812
60.240963855421555
59.28853754940709
59.05511811023632
59.52380952380979
60.240963855421555
59.28853754940709
60.72874493927128
61.22448979591812
60.0
59.760956175298936
59.760956175298936
60.0
58.823529411764525
60.24096385542198
61.22448979591812
60.240963855421555
59.52380952380979
60.0
60.72874493927128
59.28853754940709
58.365758754863485
60.97560975609789
61.22448979591812
59.76095617529936
59.05511811023591
60.483870967741666
61.47540983606563
59.055118110236734
58.82352941176411
60.48387096774253
61.47540983606563
59.52380952380895
58.59374999999995
60.97560975609789
60.72874493927128
59.76095617529852
59.055118110236734
60.24096385542112
60.97560975609789
60.24096385542198
59.05511811023591
60.0
61.22448979591812
60.0
58.139534883721126
59.52380952380979
61.47540983606563
60.483870967741666
59.05511811023591
60.0
61.98347107438085
60.728744939270406
58.82352941176494
59.055118110236734
60.0
60.0
58.365758754863485
59.52380952380979
61.72839506172786
62.24066390041503
60.0
60.483870967741666
60.48387096774253
60.0
57.692307692307345
58.82352941176494
60.0
59.52380952380979
60.483870967741666
60.97560975609789
62.240663900414106
60.48387096774253
59.52380952380895