153.06122448979593
258.62068965517244
59.523809523809526
59.523809523809526
59.05511811023622
59.523809523809526
60.483870967741936
59.05511811023622
59.523809523809575
61.22448979591834
61.728395061728314
59.76095617529883
59.76095617529883
60.97560975609756
59.76095617529883
58.13953488372093
58.82352941176473
61.47540983606541
60.4838709677421
59.52380952380937
60.72874493927128
62.24066390041503
59.76095617529872
57.915057915058036
59.28853754940709
60.975609756097455
59.523809523809575
58.59374999999995
61.47540983606563
62.24066390041503
60.0
58.82352941176473
60.0
60.483870967741666
58.36575875486389
59.28853754940709
61.224489795918565
61.22448979591812
60.24096385542198
59.76095617529852
60.4838709677421
59.52380952380937
58.36575875486389
59.760956175298936
60.72874493927128
60.240963855421555
60.4838709677421
60.975609756097455
60.4838709677421
59.28853754940709
58.823529411764525
59.760956175298936
59.760956175298936
60.0
60.72874493927085
60.72874493927128
60.24096385542198
59.76095617529852
60.0
59.28853754940709
59.52380952380979
60.0
60.975609756097455
60.240963855421555
59.52380952380979
60.0
61.22448979591812
59.055118110236734
58.82352941176411
60.24096385542198
61.47540983606563
59.52380952380979
59.28853754940709
60.72874493927128
61.475409836064735
59.055118110236734
58.365758754863485
60.97560975609789
61.22448979591812
59.52380952380979
58.82352941176494
60.483870967741666
61.22448979591812
59.52380952380979
58.82352941176494
60.24096385542112
61.47540983606563
60.0
58.82352941176494
60.24096385542198
60.975609756097015
60.24096385542198
58.365758754863485
59.28853754940709
61.224489795919006
60.483870967741666
59.28853754940709
60.0
61.72839506172786
61.224489795919006
58.82352941176411
58.59375000000076
60.483870967741666
59.52380952380979
58.59374999999995
59.28853754940709
61.98347107437994
61.47540983606563
60.72874493927128
60.24096385542112
60.97560975609789
59.52380952380979
57.91505791505784
58.82352941176494
59.76095617529852
60.0
59.76095617529852
61.47540983606563
61.72839506172876
60.72874493927128
59.76095617529852