164.83516483516482
197.36842105263162
56.17977528089887
62.5
58.8235294117647
62.24066390041491
59.76095617529883
56.60377358490568
59.52380952380947
64.1025641025641
61.47540983606563
57.47126436781607
62.49999999999994
60.72874493927128
59.76095617529883
55.55555555555555
59.288537549407195
64.37768240343333
60.48387096774188
54.74452554744543
63.55932203389813
62.24066390041503
59.76095617529872
57.69230769230774
59.523809523809575
58.365758754863684
61.98347107438017
58.82352941176473
59.05511811023632
62.240663900414795
62.50000000000018
56.39097744360902
60.24096385542177
62.76150627615043
58.59374999999995
59.28853754940709
58.82352941176494
64.1025641025641
60.0
59.76095617529852
60.4838709677421
59.28853754940709
56.17977528089899
59.76095617529852
63.29113924050678
60.483870967741666
60.4838709677421
60.975609756097455
60.4838709677421
59.05511811023591
56.603773584905916
62.49999999999994
57.47126436781587
59.760956175298936
63.55932203389813
60.97560975609789
60.0
59.52380952380937
60.0
59.760956175298936
59.05511811023632
57.692307692307345
63.829787234042705
57.91505791505784
61.98347107437994
57.692307692308134
60.975609756097015
59.28853754940709
60.97560975609789
58.139534883721126
64.10256410256362
57.25190839694647
61.47540983606563
60.97560975609789
61.22448979591812
59.28853754940709
58.36575875486429
60.975609756097015
61.224489795919006
59.28853754940709
58.82352941176411
58.139534883721126
64.1025641025646
59.52380952380895
58.59374999999995
58.139534883721126
62.24066390041503
61.72839506172876
56.60377358490554
60.0
61.22448979591812
62.500000000000405
58.365758754863485
59.52380952380979
58.82352941176411
60.48387096774253
59.05511811023591
60.0
61.98347107437994
63.829787234042705
58.82352941176494
56.39097744360864
63.02521008403373
57.25190839694647
60.72874493927128
57.692307692308134
61.47540983606563
61.72839506172786
60.24096385542198
63.02521008403373
60.97560975609789
59.52380952380895
57.91505791505784
58.59374999999995
60.0
59.76095617529936
57.692307692307345
61.47540983606563
64.6551724137933
58.139534883721126
62.24066390041503