180.72289156626505
178.57142857142858
74.25742574257426
163.0434782608695
73.89162561576356
59.05511811023622
53.956834532374096
66.66666666666664
59.05511811023627
56.81818181818181
64.37768240343345
61.475409836065516
59.76095617529883
54.74452554744525
67.26457399103143
59.76095617529883
53.191489361702125
65.21739130434783
61.47540983606563
55.350553505535075
61.98347107438017
64.10256410256386
59.288537549407295
59.76095617529872
54.74452554744525
63.02521008403373
64.10256410256386
59.288537549407295
56.39097744360902
61.47540983606541
62.24066390041503
56.81818181818177
61.728395061728534
57.03422053231942
60.240963855421555
58.82352941176494
59.05511811023591
65.21739130434821
61.22448979591812
56.60377358490554
60.0
64.1025641025641
56.39097744360902
58.139534883721126
63.55932203389813
60.72874493927128
57.69230769230774
59.760956175298936
64.6551724137928
57.47126436781626
58.823529411764525
62.500000000000405
59.76095617529852
60.0
60.0
56.81818181818196
61.98347107437994
60.24096385542198
59.76095617529852
59.52380952380979
62.76150627615043
59.28853754940709
57.25190839694647
64.1025641025641
60.4838709677421
59.28853754940709
60.483870967741666
60.48387096774253
62.24066390041503
53.571428571428356
66.96428571428565
55.35055350553489
63.29113924050678
61.98347107437994
58.139534883721126
57.91505791505784
65.78947368421008
53.191489361702125
67.87330316742079
58.59374999999995
62.24066390041503
53.57142857142903
60.975609756097015
64.37768240343333
59.52380952380979
61.47540983606563
54.74452554744507
68.80733944954129
54.74452554744507
64.93506493506547
57.25190839694647
64.37768240343333
60.0
58.36575875486429
54.54545454545412
67.56756756756825
57.91505791505784
61.98347107437994
57.25190839694647
61.98347107437994
57.692307692308134
62.24066390041503
61.47540983606563
57.692307692307345
62.500000000000405
58.365758754863485
57.034220532319026
64.93506493506547
61.72839506172876
60.24096385542112
57.692307692308134
60.975609756097015
59.52380952380979
57.91505791505784
61.47540983606563
57.25190839694647
62.76150627615043
60.0
61.47540983606563
61.98347107437994
60.48387096774253
57.034220532319026