62.24066390041494
60.97560975609756
59.523809523809526
59.28853754940712
59.523809523809526
59.76095617529878
58.82352941176473
59.523809523809526
61.22448979591834
61.72839506172843
59.76095617529883
59.76095617529872
60.72874493927128
60.0
58.13953488372093
58.82352941176483
61.47540983606541
60.48387096774188
59.288537549407295
60.975609756097455
62.24066390041503
59.52380952380937
58.13953488372093
59.288537549407295
60.975609756097455
59.523809523809575
58.59374999999995
61.47540983606563
62.240663900414795
60.0
58.59375000000015
60.240963855421555
60.240963855421555
58.593750000000355
59.28853754940709
61.22448979591812
61.224489795918565
60.0
60.0
60.72874493927128
59.05511811023591
58.36575875486389
59.760956175298936
60.975609756097455
60.4838709677421
60.240963855421555
60.72874493927128
60.4838709677421
59.28853754940709
59.05511811023632
60.0
59.52380952380937
59.760956175298936
60.975609756097455
60.72874493927128
60.240963855421555
59.52380952380937
60.0
59.52380952380979
59.52380952380937
60.0
60.72874493927128
60.4838709677421
59.52380952380937
60.000000000000426
61.22448979591812
59.05511811023591
58.59374999999995
60.48387096774253
61.22448979591812
59.76095617529852
59.28853754940709
60.48387096774253
61.47540983606563
59.28853754940709
58.365758754863485
60.97560975609789
61.22448979591812
59.52380952380979
58.82352941176411
60.48387096774253
60.975609756097015
60.0
58.36575875486429
60.483870967741666
61.47540983606563
60.0
58.59374999999995
60.483870967741666
60.97560975609789
60.24096385542198
58.365758754863485
59.28853754940709
61.22448979591812
60.48387096774253
59.28853754940709
60.0
61.98347107437994
60.975609756097015
58.82352941176494
58.59374999999995
60.48387096774253
59.52380952380895
58.59374999999995
59.52380952380979
61.72839506172876
61.72839506172786
60.483870967741666
60.24096385542198
61.22448979591812
59.28853754940709
57.91505791505863
58.59374999999995
60.0
60.0
59.76095617529852
61.47540983606563
61.72839506172786
60.72874493927128
59.76095617529936