0.6520000000000001
0.496
0.496
0.5
0.5
0.496
0.496
0.5
0.5039999999999996
0.5040000000000004
0.5039999999999996
0.5040000000000004
0.5039999999999996
0.49600000000000044
0.5
0.5
0.5039999999999996
0.5039999999999996
0.49600000000000044
0.5
0.49600000000000044
0.49600000000000044
0.49599999999999866
0.5
0.5
0.5
0.5
0.49600000000000044
0.49600000000000044
0.5039999999999996
0.5040000000000013
0.5
0.5079999999999991
0.5
0.5040000000000013
0.532
0.46399999999999864
0.5
0.5040000000000013
0.49599999999999866
0.5
0.49599999999999866
0.4920000000000009
0.49599999999999866
0.4960000000000022
0.5359999999999978
0.46799999999999997
0.5040000000000013
0.5040000000000013
0.49599999999999866
0.5
0.5040000000000013
0.5359999999999978
0.4720000000000013
0.5079999999999991
0.5
0.5
0.4960000000000022
0.5239999999999974
0.4640000000000022
0.532
0.46799999999999997
0.49999999999999645
0.4960000000000022
0.49199999999999733
0.4960000000000022
0.4960000000000022
0.5039999999999978
0.5039999999999978
0.5120000000000005
0.5040000000000049
0.5039999999999978
0.5
0.4960000000000022
0.5
0.5
0.5
0.5039999999999978
0.5
0.4960000000000022
0.49199999999999733
0.49199999999999733
0.4960000000000022
0.5
0.5039999999999978
0.5080000000000027
0.5039999999999978
0.5040000000000049
0.4959999999999951
0.4960000000000022
0.4960000000000022
0.5
0.5039999999999978
0.5080000000000027
0.5
0.4959999999999951
0.4960000000000022
0.48799999999999955
0.4960000000000022
0.5039999999999978
0.5039999999999978
0.5120000000000005
0.5080000000000027
0.5
0.4960000000000022
0.49199999999999733
0.5
0.5
0.5039999999999978
0.5040000000000049
0.5279999999999987
0.46399999999999864
0.49199999999999733
0.48799999999999955
0.4960000000000022
0.5039999999999978
0.5080000000000027
0.5039999999999978
0.5040000000000049
0.5039999999999978
0.5
0.5
0.5360000000000014
0.4720000000000013
0.5039999999999978
0.4960000000000022
0.5319999999999965