0.324
0.404
0.496
0.512
0.45599999999999996
0.5
0.46399999999999997
0.496
0.5320000000000005
0.5399999999999991
0.46799999999999997
0.4720000000000004
0.5040000000000004
0.5719999999999992
0.5
0.5
0.48799999999999955
0.44400000000000084
0.5679999999999996
0.5039999999999996
0.46000000000000085
0.532
0.48799999999999955
0.46799999999999997
0.5400000000000009
0.48799999999999955
0.5
0.5039999999999996
0.4640000000000004
0.5280000000000005
0.5
0.5080000000000009
0.49599999999999866
0.5360000000000014
0.4839999999999982
0.4920000000000009
0.46799999999999997
0.46799999999999997
0.5640000000000001
0.5039999999999978
0.5
0.4920000000000009
0.46799999999999997
0.4920000000000009
0.46399999999999864
0.5280000000000022
0.532
0.47199999999999775
0.5040000000000013
0.5
0.46799999999999997
0.5
0.5719999999999992
0.43599999999999994
0.5680000000000014
0.44399999999999906
0.5360000000000014
0.532
0.4559999999999995
0.5279999999999987
0.46000000000000085
0.5040000000000013
0.5279999999999987
0.49999999999999645
0.4680000000000035
0.5319999999999965
0.5160000000000053
0.48399999999999466
0.480000000000004
0.4799999999999969
0.544000000000004
0.5
0.5079999999999956
0.4960000000000022
0.43599999999999994
0.5559999999999974
0.5120000000000005
0.4960000000000022
0.4720000000000013
0.5480000000000018
0.4799999999999969
0.4280000000000044
0.5239999999999938
0.4960000000000022
0.5279999999999987
0.4759999999999991
0.5399999999999991
0.5120000000000005
0.5
0.4960000000000022
0.45600000000000307
0.5319999999999965
0.4680000000000035
0.4720000000000013
0.5799999999999983
0.42799999999999727
0.5679999999999978
0.48799999999999955
0.45600000000000307
0.5360000000000014
0.46399999999999864
0.5399999999999991
0.5080000000000027
0.5079999999999956
0.43599999999999994
0.5560000000000045
0.46399999999999864
0.5519999999999996
0.4480000000000004
0.5319999999999965
0.5
0.4720000000000013
0.5360000000000014
0.4480000000000004
0.46000000000000085
0.5279999999999987
0.5039999999999978
0.5080000000000027
0.5039999999999978
0.5280000000000058
0.5039999999999978
0.4759999999999991
0.4680000000000035
0.5719999999999956
0.4960000000000022
0.5120000000000005
0.4959999999999951
0.46399999999999864