0.5960000000000001
0.40800000000000003
0.508
0.5559999999999998
0.524
0.504
0.48
0.5080000000000005
0.492
0.508
0.5119999999999996
0.3959999999999999
0.30799999999999983
0.41600000000000037
0.5
0.5279999999999996
0.5039999999999996
0.4360000000000017
0.5679999999999996
0.46799999999999997
0.4640000000000004
0.5599999999999987
0.4320000000000004
0.532
0.4640000000000004
0.5599999999999987
0.5040000000000013
0.49599999999999866
0.4360000000000017
0.5599999999999987
0.4400000000000013
0.5679999999999996
0.4400000000000013
0.5039999999999978
0.5360000000000014
0.5
0.5279999999999987
0.4720000000000013
0.5279999999999987
0.5
0.5
0.4720000000000013
0.5239999999999974
0.4640000000000022
0.5240000000000009
0.46799999999999997
0.532
0.47199999999999775
0.46799999999999997
0.5360000000000014
0.5279999999999987
0.4720000000000013
0.532
0.5039999999999978
0.5080000000000027
0.4759999999999991
0.5279999999999987
0.4960000000000022
0.49599999999999866
0.46399999999999864
0.5280000000000022
0.5
0.49599999999999866
0.5039999999999978
0.4960000000000022
0.4960000000000022
0.49199999999999733
0.4680000000000035
0.5319999999999965
0.5039999999999978
0.5120000000000005
0.5080000000000027
0.4720000000000013
0.5279999999999987
0.4680000000000035
0.4959999999999951
0.5040000000000049
0.5279999999999987
0.5039999999999978
0.5
0.49199999999999733
0.4680000000000035
0.5240000000000009
0.49199999999999733
0.5
0.5039999999999978
0.5080000000000027
0.4759999999999991
0.5320000000000036
0.4959999999999951
0.46400000000000574
0.5279999999999987
0.5
0.5039999999999978
0.5080000000000027
0.5
0.4679999999999964
0.5240000000000009
0.46000000000000085
0.4960000000000022
0.5319999999999965
0.5080000000000027
0.5079999999999956
0.5080000000000027
0.5
0.4960000000000022
0.49199999999999733
0.5
0.5
0.5
0.5039999999999978
0.4720000000000013
0.5240000000000009
0.46000000000000085
0.5200000000000031
0.4679999999999964
0.5320000000000036
0.4759999999999991
0.5359999999999943
0.4760000000000062
0.5319999999999965
0.5
0.5
0.5039999999999978
0.5040000000000049
0.5
0.5039999999999978
0.4960000000000022