0.8559999999999999
1.1480000000000001
0.6640000000000001
0.33599999999999985
1.0
1.0
1.0
0.8200000000000003
1.1799999999999997
1.0
0.9960000000000004
1.0039999999999996
1.0
0.8000000000000007
1.1959999999999997
1.0039999999999978
1.0
0.9960000000000022
1.0039999999999978
1.0
1.0
1.0
0.9960000000000022
1.0039999999999978
0.9960000000000022
1.0039999999999978
1.0
1.0
0.6480000000000032
0.347999999999999
1.0039999999999978
1.0
1.0
1.0
1.0
0.9960000000000022
1.0039999999999978
0.9960000000000022
0.7119999999999962
1.2880000000000038
0.695999999999998
0.30400000000000205
1.0039999999999978
0.828000000000003
1.1679999999999993
1.0039999999999978
1.0
0.9960000000000022
1.0039999999999978
1.0
1.0
1.0
0.9960000000000022
1.0
0.8239999999999981
1.1799999999999997
1.0
1.0
0.9960000000000022
0.804000000000002
1.195999999999998
1.0
0.8320000000000007
0.9799999999999969
1.0200000000000031
0.955999999999996
1.2119999999999962
0.7080000000000126
1.2959999999999923
1.0
0.9959999999999951
1.0040000000000049
0.9959999999999951
1.0040000000000049
0.804000000000002
1.191999999999993
1.0
0.8080000000000069
1.195999999999998
0.9959999999999951
1.0
1.0
0.8320000000000078
1.171999999999997
1.0
0.9959999999999951
1.0
1.0
1.0
1.0
1.0
1.0
1.0040000000000049
0.9959999999999951
1.0
1.0
1.0
1.0
1.0
1.0
1.0040000000000049
0.9959999999999951
0.804000000000002
1.195999999999998
1.0
1.0
1.0
0.8440000000000083
1.1599999999999966
0.9959999999999951
0.8360000000000127
1.1639999999999873
0.828000000000003
1.171999999999997
1.0040000000000049
0.9959999999999951
1.0
1.0
0.8240000000000123
1.1759999999999877
0.6720000000000113
0.32799999999998875