0.468
0.30400000000000005
0.952
1.0
1.004
1.0
1.0
0.9959999999999996
1.0000000000000009
1.0
0.968
1.0
1.0359999999999996
1.0
0.9960000000000004
1.0
0.9999999999999982
1.0
1.0
1.0040000000000013
0.9600000000000009
1.0359999999999978
1.0
1.0
1.0
1.0040000000000013
1.0
1.0
0.9959999999999987
0.9600000000000009
1.0440000000000005
0.968
1.0280000000000022
1.0
1.0039999999999978
1.0
0.9919999999999973
1.0080000000000027
0.9960000000000022
1.0
1.0039999999999978
1.0
0.9960000000000022
1.0
1.0
1.0039999999999978
0.9919999999999973
1.0040000000000049
1.0
1.0
1.0039999999999978
1.0
1.0
0.9960000000000022
1.0
1.0
1.0
1.0
1.0039999999999978
1.0
1.0
0.9919999999999973
0.9680000000000035
1.0399999999999991
0.9999999999999929
1.0
0.9960000000000093
1.0
1.0039999999999907
0.9680000000000035
1.0280000000000058
1.0
0.9959999999999951
1.0040000000000049
1.0039999999999907
0.9960000000000093
1.0
1.0039999999999907
0.960000000000008
1.039999999999992
1.0
0.9960000000000093
1.0
0.9959999999999951
1.0040000000000049
0.9959999999999951
1.0040000000000049
1.0039999999999907
0.9960000000000093
1.0
0.9719999999999942
1.024000000000001
1.0040000000000049
0.9599999999999937
0.9960000000000093
1.043999999999997
0.9959999999999951
1.0079999999999956
0.9960000000000093
1.0
1.0039999999999907
0.980000000000004
1.0160000000000053
1.0
0.9680000000000035
1.0319999999999965
1.0
1.0039999999999907
0.9920000000000044
1.0040000000000049
1.0
1.0
0.9920000000000044
1.0119999999999862
1.0
1.0
1.0
0.9960000000000093
1.0
0.9759999999999991