0.388
0.21599999999999997
1.048
1.0
1.004
1.0
0.9880000000000004
0.992
1.0039999999999996
1.0
1.0
1.0
1.0
1.0
1.0
1.0
1.0
0.9960000000000004
1.0040000000000013
1.0
1.0
1.0039999999999978
0.9960000000000022
1.0
0.9959999999999987
1.0040000000000013
1.0
1.0
0.9959999999999987
1.0040000000000013
1.0
1.0
1.0
1.0
1.0
1.0
1.0
1.0
1.0
1.0
1.0
1.0
1.0
1.0
1.0
1.0
0.9959999999999951
1.0040000000000049
1.0
1.0
1.0
1.0
1.0
1.0
1.0
1.0
1.0
1.0
1.0
1.0
1.0039999999999978
0.9919999999999973
1.0040000000000049
1.0
1.0
0.9999999999999929
1.0
1.0
1.0
1.0
1.0
1.0
1.0
1.0
1.0
1.0
1.0
1.0
1.0
1.0
1.0
1.0
1.0
1.0
1.0
1.0
1.0
1.0
1.0
1.0
1.0
0.9960000000000093
1.0039999999999907
0.9960000000000093
1.0
1.0039999999999907
0.9960000000000093
1.0039999999999907
1.0
1.0
1.0
1.0
0.9960000000000093
1.0039999999999907
1.0
1.0
1.0
1.0
1.0
1.0
1.0
1.0
1.0
1.0
1.0
1.0
1.0
1.0
1.0
1.0
1.0