0.332
0.44800000000000006
1.016
0.9319999999999999
1.0559999999999996
0.944
1.0
0.9520000000000008
1.096
0.952
1.0
1.0519999999999996
0.9000000000000004
1.048
1.0
1.048
0.952
1.0
1.056000000000001
0.9439999999999991
1.0519999999999996
0.9480000000000004
1.0
0.9519999999999982
1.0480000000000018
1.0599999999999987
0.8919999999999995
1.0
1.1000000000000014
0.8999999999999986
1.0
1.0440000000000005
0.9559999999999995
1.096
0.9040000000000035
1.0959999999999965
0.9960000000000022
0.9080000000000013
1.043999999999997
1.0039999999999978
0.9520000000000053
1.0
1.0
1.0959999999999965
0.9040000000000035
1.0
1.0
1.0
1.0479999999999947
0.9520000000000053
1.1039999999999992
0.9439999999999955
1.0
1.0560000000000045
1.0039999999999978
0.9399999999999977
0.9520000000000053
1.0
1.0
1.107999999999997
1.0039999999999978
0.8880000000000052
1.0999999999999943
1.0040000000000049
0.9999999999999929
0.8960000000000008
1.0480000000000018
0.9519999999999982
1.0
1.0
1.0
1.0480000000000018
0.9519999999999982
1.1039999999999992
0.9400000000000119
0.9559999999999889
1.0480000000000018
1.0520000000000067
0.8999999999999915
1.0440000000000111
0.9559999999999889
1.0480000000000018
1.0520000000000067
0.8999999999999915
1.1000000000000085
0.9479999999999933
0.9960000000000093
1.0519999999999925
0.9480000000000075
1.0039999999999907
1.0559999999999974
1.0
0.8960000000000008
1.0960000000000036
1.0
1.0079999999999956
0.8960000000000008
1.0
1.0
1.0
1.112000000000009
0.9879999999999995
0.8999999999999915
1.1000000000000085
0.8999999999999915
1.0
1.0
1.0
1.0
1.0440000000000111
1.0559999999999974
0.8999999999999915
1.0
1.0
1.0
1.112000000000009
0.887999999999991
1.0960000000000036
0.9519999999999982
1.0640000000000072