0.468
0.34799999999999986
0.76
1.1360000000000001
1.016
1.008
1.0039999999999996
1.016
1.0119999999999996
0.9760000000000009
0.9719999999999995
1.008000000000001
1.0039999999999996
0.984
1.0
1.0359999999999996
1.0119999999999987
0.9760000000000026
0.9599999999999973
1.0480000000000018
0.9879999999999995
0.9639999999999986
1.0
1.0400000000000027
1.0079999999999991
0.9839999999999982
1.0120000000000005
1.0199999999999996
0.9359999999999999
1.0040000000000013
1.0
1.0199999999999996
1.0039999999999978
0.9920000000000044
1.024000000000001
1.0159999999999982
0.9759999999999991
0.9759999999999991
1.0
1.0039999999999978
0.9920000000000044
1.0079999999999956
1.0320000000000036
1.0039999999999978
0.9879999999999995
0.9920000000000044
0.9879999999999995
0.9879999999999995
0.9919999999999973
1.0159999999999982
0.9840000000000018
1.0360000000000014
1.0039999999999978
0.9640000000000057
1.0239999999999938
0.9520000000000053
1.0279999999999987
1.0079999999999956
1.0040000000000049
1.0079999999999956
1.0120000000000005
1.0
0.980000000000004
0.9959999999999951
1.0040000000000049
0.9719999999999942
1.0160000000000053
1.0160000000000053
1.019999999999996
0.9920000000000044
0.9759999999999991
1.0079999999999956
1.0160000000000053
0.9839999999999947
0.980000000000004
1.0120000000000005
1.024000000000001
0.9879999999999995
0.9799999999999898
1.0040000000000049
1.024000000000001
0.9519999999999982
1.0160000000000053
1.0159999999999911
1.0160000000000053
0.9959999999999951
0.9399999999999977
1.0360000000000014
1.0200000000000102
1.0
0.9839999999999947
0.9959999999999951
1.024000000000001
1.0120000000000005
0.980000000000004
0.9920000000000044
1.0159999999999911
0.9720000000000084
0.9959999999999951
0.9839999999999947
1.0160000000000053
1.024000000000001
0.9920000000000044
1.0079999999999956
1.024000000000001
1.0120000000000005
0.9680000000000035
0.9479999999999933
0.980000000000004
1.0319999999999965
0.980000000000004
1.0079999999999956
1.043999999999997
1.0160000000000053
1.0040000000000049
1.0039999999999907
1.0
0.980000000000004
0.9639999999999986
0.9680000000000035