0.308
0.32400000000000007
0.8039999999999999
0.3320000000000001
0.8519999999999999
1.092
0.968
0.968
1.056
1.088
0.8960000000000008
0.9759999999999991
1.0839999999999996
0.9640000000000004
0.9440000000000008
1.0039999999999996
1.0359999999999996
1.0919999999999987
0.9359999999999999
0.9920000000000009
1.0519999999999996
0.9439999999999991
1.0080000000000027
0.9600000000000009
1.075999999999997
0.9760000000000026
0.9799999999999969
1.0520000000000032
0.9799999999999969
1.0040000000000013
0.8960000000000008
1.0760000000000005
1.0239999999999974
0.9920000000000009
0.9280000000000044
1.0239999999999938
1.088000000000001
0.9400000000000048
1.0119999999999933
1.0040000000000049
1.0
0.9200000000000017
1.0879999999999939
0.9480000000000004
1.044000000000004
0.9480000000000004
0.9919999999999973
0.9920000000000044
0.9879999999999995
0.9919999999999973
1.0519999999999996
1.0159999999999982
1.0399999999999991
0.9680000000000035
1.0039999999999978
0.9879999999999995
0.9440000000000026
1.0360000000000014
0.9679999999999964
1.0840000000000032
0.9239999999999995
1.0519999999999996
1.0
0.9440000000000026
1.0319999999999965
1.0400000000000063
0.9639999999999986
1.024000000000001
0.9759999999999991
1.024000000000001
0.9519999999999982
1.019999999999996
1.0079999999999956
1.0400000000000063
0.9599999999999937
1.0120000000000005
0.9399999999999977
1.1039999999999992
0.9440000000000026
1.0200000000000102
1.0120000000000005
1.0120000000000005
0.9559999999999889
0.9840000000000089
1.0120000000000005
1.0159999999999911
0.9920000000000044
0.9719999999999942
1.0440000000000111
0.9799999999999898
0.960000000000008
1.0600000000000023
1.0039999999999907
0.9840000000000089
1.0479999999999876
0.9400000000000119
0.9519999999999982
1.0999999999999943
0.9159999999999968
1.0480000000000018
0.9879999999999995
0.936000000000007
1.0960000000000036
0.9199999999999875
1.0440000000000111
0.9879999999999995
1.0039999999999907
0.9720000000000084
1.0079999999999956
1.043999999999997
0.9480000000000075
0.9879999999999995
1.0079999999999956
1.0360000000000014
1.019999999999996
0.9639999999999986
1.0400000000000063
1.0360000000000014
0.9680000000000035
0.9439999999999884
1.0280000000000058