0.39199999999999996
0.23199999999999998
1.008
1.008
1.016
1.008
0.992
1.016
1.0079999999999991
0.9800000000000004
0.9720000000000013
1.0039999999999996
1.0039999999999996
0.984
1.0039999999999996
1.032
1.0199999999999996
0.9760000000000026
0.9919999999999973
1.0080000000000027
0.9879999999999995
0.9639999999999986
1.0040000000000013
1.0359999999999978
1.0120000000000005
0.9840000000000018
1.0079999999999991
1.024000000000001
0.9759999999999991
0.9639999999999986
1.0
1.0199999999999996
1.0
0.9920000000000044
1.0279999999999987
1.0120000000000005
0.9799999999999969
0.980000000000004
0.9959999999999951
1.0040000000000049
0.9919999999999973
1.0080000000000027
1.0279999999999987
1.0039999999999978
0.9879999999999995
0.9960000000000022
0.9919999999999973
0.9840000000000018
0.9919999999999973
1.0120000000000005
1.0200000000000031
1.0039999999999978
1.0039999999999978
1.0
0.9880000000000067
0.9879999999999995
0.9959999999999951
1.0040000000000049
1.0
1.0120000000000005
1.0079999999999956
1.0
0.9840000000000018
0.9960000000000022
1.0079999999999956
1.0
0.980000000000004
1.0159999999999911
1.0200000000000102
0.9959999999999951
0.9759999999999991
1.0079999999999956
1.0120000000000005
0.9879999999999995
0.9760000000000133
1.0159999999999911
1.0280000000000058
0.9839999999999947
0.980000000000004
1.0079999999999956
1.019999999999996
0.9920000000000044
0.980000000000004
1.0079999999999956
1.019999999999996
0.9960000000000093
0.9759999999999991
1.0
1.019999999999996
0.9959999999999951
0.9840000000000089
0.9959999999999951
1.0280000000000058
1.0120000000000005
0.9799999999999898
0.9920000000000044
1.0120000000000005
1.0
0.9720000000000084
0.9799999999999898
1.0200000000000102
1.0239999999999867
0.9920000000000044
1.0079999999999956
1.024000000000001
1.0120000000000005
0.9680000000000035
0.9759999999999991
0.9879999999999995
0.9960000000000093
0.9839999999999947
1.0079999999999956
1.0360000000000014
1.019999999999996
1.0040000000000049
1.0
1.0040000000000049
0.9759999999999991
0.9719999999999942
0.9879999999999995
1.0040000000000049