0.36400000000000005
0.30399999999999994
1.068
0.96
1.02
0.9640000000000004
1.0039999999999996
1.0599999999999996
1.008000000000001
0.9359999999999999
0.9759999999999991
1.0440000000000005
0.9600000000000009
0.9879999999999995
1.0039999999999996
1.08
1.0119999999999987
0.9320000000000022
0.9920000000000009
1.0959999999999965
0.9440000000000026
0.9639999999999986
1.0040000000000013
1.0399999999999991
1.0079999999999991
1.0280000000000022
0.968
1.0199999999999996
1.0159999999999982
0.9640000000000022
0.9599999999999973
1.064
0.9959999999999987
0.9560000000000031
1.024000000000001
1.0120000000000005
1.019999999999996
0.9359999999999999
1.0
1.0040000000000049
0.9919999999999973
1.0120000000000005
1.0679999999999978
1.0040000000000049
0.9479999999999933
0.9920000000000044
0.9919999999999973
0.9840000000000018
0.9919999999999973
1.0160000000000053
1.0599999999999952
0.9600000000000009
1.044000000000004
1.0039999999999978
0.9440000000000026
0.9839999999999947
1.0
1.0080000000000027
1.0
1.0039999999999978
1.0159999999999982
1.0400000000000063
0.9399999999999977
1.0360000000000014
0.9680000000000035
1.039999999999992
0.9840000000000089
1.0120000000000005
0.9839999999999947
1.0319999999999965
0.936000000000007
1.0480000000000018
0.9759999999999991
0.9839999999999947
0.980000000000004
1.0120000000000005
1.0279999999999916
0.9840000000000089
0.9799999999999898
1.0120000000000005
1.0200000000000102
1.0319999999999965
0.9359999999999928
1.0080000000000098
1.024000000000001
1.0319999999999965
0.9639999999999986
0.9719999999999942
1.0600000000000023
1.0
0.980000000000004
0.9599999999999937
1.0280000000000058
1.0079999999999956
1.0200000000000102
0.9919999999999902
1.0160000000000053
1.0
0.9680000000000035
0.9399999999999977
1.019999999999996
1.0640000000000072
0.9519999999999982
1.0480000000000018
0.9879999999999995
1.039999999999992
0.9759999999999991
0.9720000000000084
0.9959999999999951
0.9519999999999982
0.9839999999999947
1.0080000000000098
1.0360000000000014
1.024000000000001
1.0
1.0039999999999907
1.0400000000000063
0.9759999999999991
0.9279999999999973
1.0319999999999965
0.9639999999999986